8.294460078536139980e-01,7.508441310366806931e+01
7.670208140814751552e-01,8.217660854213933419e+01
5.273939653470685052e-01,7.019860907159088015e+01
5.032976355133214064e-01,7.101872956655952862e+01
6.119394911736619758e-02,8.098410532783078963e+01
9.496987555497593547e-01,5.141188137786143386e+01
3.497579747101677849e-01,1.825981767097432140e+01
9.894925903441014192e-01,8.779357846938978582e+01
2.808979623671626902e-01,2.417088287223384668e+01
6.165974520060617525e-01,4.648771343728120797e+01
9.868466368743007422e-01,8.761273586771146427e+01
4.942817208551661956e-01,3.495720997509160810e+01
8.019632237819286358e-01,2.755012190212213596e+01
4.883391097533984482e-01,1.639166583830940027e+01
7.931402353426253438e-01,9.567231657480445506e+01
5.431132157202641642e-01,1.150776696971037616e+01
2.519508514024584311e-01,7.451404159977276720e+01
3.076938020988073674e-03,4.310156754520645705e+01
4.018183779774940900e-01,1.783817309955847463e+01
4.442534128564459284e-01,6.446410190200563761e+01
2.641253540700370106e-01,9.022343202092923775e+01
1.724218359337417183e-01,3.821045597308656738e+01
2.510918100786709850e-01,2.886006600059844018e+01
1.700660562976870072e-01,4.452660202495158615e+01
1.035079757469479222e-01,4.329321385301387437e+00
3.898842010617314946e-01,2.803735654824528467e+01
1.146740757286194290e-01,9.539178189884420078e+01
8.739490989463383208e-01,4.164948643670951967e+00
5.684940797595793294e-01,9.489820962696801132e+01
9.654168691425883964e-01,6.081201935862826957e+01
7.415455072520559243e-01,2.833352046173865801e+01
1.740178439572835911e-01,2.801124492920834541e+01
2.537362739211296292e-01,3.941270519248212167e+01
8.352340483620523948e-02,6.429536319827280977e+01
6.744117517582970400e-03,9.512746907337221103e+01
9.095194272011741798e-01,9.255750164892276644e+01
1.414536757761305497e-01,3.924334269937227759e+01
8.814737707719013660e-01,7.087897139106783584e+01
5.089621074578527526e-01,4.632930490723718009e+01
8.367567951864898212e-01,2.836635011476830215e+01
3.659889830316855885e-01,9.018152395039857083e+01
3.513976920512041913e-01,2.518780439054176767e+01
9.135765049578270514e-01,7.056921059849837263e+01
2.773510493253612541e-01,9.258883701503984298e+01
5.539008640835587638e-01,7.739122452432725652e+01
7.517561609351970375e-01,2.716654566930361980e+01
9.715431365713502743e-01,7.772237112758941180e+01
7.552570594674357096e-01,1.541939393608457998e+01
6.565830231835114716e-01,7.505058238448883401e+01
5.146033593426122543e-01,2.686634434759549439e+00
4.920809984950127447e-01,3.687203589776098056e+01
6.991407304857117921e-01,2.203928284889047262e+01
7.415847238912691708e-01,2.566908270404011372e+00
2.416266296395930269e-02,5.507610373979667884e+01
1.077945344906083847e-02,4.546581893262948881e+01
2.840438061323298236e-01,4.807660908343074624e+01
9.016795020985252096e-01,9.047604116890887838e+01
4.753685320573601825e-01,4.925266756929536882e+01
4.840191965885776160e-01,8.003116754077166384e-01
5.603850943208987800e-02,2.613038683502119142e+01
9.433331361923720237e-01,3.776544761801992056e+00
7.664997749315716202e-02,5.434085581342532834e+01
7.662668465245211502e-01,7.683000249323727360e+01
7.425507973128451233e-01,2.362418836675529477e+01
5.107357980991966695e-02,9.582046808382929726e+01
5.124649074490306155e-01,1.623678554634751947e+01
3.532020996663172152e-01,1.831745064858292249e+00
3.233144989955925031e-01,6.662970406180500049e+01
4.012396901432324636e-01,1.588154688282340565e+01
7.927762835573546329e-01,3.120398435465965292e-01
3.838029276551413460e-03,3.726802676878413223e+01
9.893406559696950042e-01,2.127022961630464781e+00
6.530925789866851572e-01,2.030253230448557744e+01
3.108004236496597628e-02,5.827910002661685240e+00
6.625780125603006887e-01,6.869051900467848526e+00
2.145779743870406264e-01,2.382011003305980523e+01
1.403033093564056699e-01,7.576712143314175307e+01
6.938698345867240214e-01,9.455976793005007153e+01
1.207538316903639108e-01,1.893142188621908062e+01
5.499989455386606885e-01,5.014690894604122207e+01
6.712731954560384739e-01,4.815625055350345463e+01
3.986861538201569299e-02,1.346632118591633009e+01
8.945324984262874590e-01,5.853905574849876103e+01
8.153687993330349659e-02,1.203583908910821343e+01
3.535837067496296893e-01,2.716018969919318238e+01
4.606025045029845666e-01,7.242196849596777497e+01
5.985804610993428199e-02,5.420102832163955497e+01
4.941619190316398624e-01,8.082312690755991014e+01
2.145283568913116667e-01,3.255060367099974172e+01
7.188804794158401013e-01,6.160583439565853325e+01
5.166210644703091992e-01,7.204430075829833413e+01
5.186727204057947072e-01,6.834840586790063810e+01
7.873918259059728975e-01,1.068463345656238772e+01
5.769470351209071701e-01,4.426735977435458658e+00
2.061275675821758746e-01,1.858236212402633214e+01
9.288547741039288042e-02,5.171733778570630768e+00
1.921305640843240514e-02,4.808272689981103554e+01
1.435161891431129266e-01,5.150568715091318950e+01
8.624883189511388659e-01,5.673322837562662357e+01
2.229814250937450781e-01,7.642264843362784177e+01
7.264458338601267329e-01,7.751681414302967710e+01
2.549871253141957617e-01,1.816980957480134151e+01
7.760812466307890345e-01,5.614780625634477929e+01
1.651438962600455529e-01,9.625238446341380438e+01
3.657509147974881136e-01,2.731713380905881294e+01
7.644000551033545143e-01,8.793458032168712180e+01
5.188325232079558091e-01,3.263708400687651334e+01
9.170725685928960980e-01,5.792445356883787611e+01
4.232978600785192169e-01,9.063031676616304821e+01
7.726678865282613495e-01,4.042624414010064982e+01
3.642453227087985024e-01,1.348106987433878068e+01
4.419733517062258699e-01,7.038995438758976775e+01
8.555831696002541564e-01,8.001955712442138235e+01
6.086835025186665415e-01,7.501835739961251193e+01
6.586464573798082034e-01,1.364108585695529285e+01
2.100540006357375367e-01,6.568413285695551451e+01
4.812459996518450023e-01,6.031904097764421380e+01
6.282377167025623432e-01,6.597251223939242948e+01
2.833278666223579823e-01,5.554388343127894956e+01
6.993253423595573448e-01,1.499243024678952274e+01
7.437179663928032980e-01,5.292752276016184965e+01
7.242544935099145542e-01,1.097491601167094366e+01
9.041401310845764705e-02,2.851641542933048967e+01
5.817898553338174406e-01,6.918099430726631915e-01
9.471705743402649702e-01,4.346714624342389044e+01
1.689664145410572083e-01,8.481457500124361104e+01
3.488388860468291108e-01,6.104824840199674085e+00
4.054462696720750881e-02,1.698286648652618425e+01
6.652990849975196630e-01,9.079016158137066839e+01
7.533820513526974239e-01,1.566949788837893642e+01
2.311368734939036607e-01,4.628812901271794900e+00
5.930039784548332138e-01,9.625413477367761317e+00
3.821203896803361255e-01,6.415981893306343942e+00
5.742408486263395062e-03,3.021342700163582862e+01
4.616563111760789706e-01,5.694447880444742083e+01
8.298967279247427831e-01,9.839402043748116000e+01
4.168875075516451645e-01,7.331603488350573627e+01
9.701738721921659980e-02,2.896946459807343643e+01
3.582342563673437397e-01,2.498284024536675574e+01
1.893523625545208144e-01,3.488355630273125740e+01
6.306446250985938695e-01,9.014816549549178148e+01
4.938684945389750780e-01,9.289988941905622255e+01
4.696345561397909929e-01,6.998931967555436984e+01
4.743991050655348429e-01,2.342378551506659790e+01
9.867333334529428956e-01,3.139807216031169546e+01
5.695771859199285636e-01,6.963282410828672653e+01
5.399355254322417696e-01,7.612809531766351334e-01
2.489180687156644645e-01,6.325239611781451288e+01
7.607508829425531083e-01,6.227292130017112726e+01
8.235491349172374687e-01,8.454469623778221887e+01
8.590745457357588100e-01,7.049724612994006634e+01
8.750754504741886652e-01,3.989682060104374983e+01
2.953612120479184311e-01,2.678386358202580197e+01
8.608303726535526668e-01,5.196085859963357478e+01
6.313898435773694917e-01,4.662164385698039837e+01
5.252750129331646978e-01,3.046037028167611993e+01
2.258915285928111416e-01,9.354181126577624639e+01
1.894352758879657150e-01,9.175623365280060284e+01
6.370580952252650198e-01,4.702362664083550214e+01
5.740086631509699888e-01,6.124842242941488735e+01
6.826094396430584244e-01,1.139241187646068454e+01
9.439553406610806663e-01,7.974570752107868543e+01
9.342860614983553580e-01,7.050087994711016393e+01
8.965095405307736964e-01,4.102709812270899370e+00
8.549166955796494438e-02,4.921804703256484004e+01
4.402969017167657206e-02,8.352964543032069855e+01
8.507095708694324410e-01,7.309748284217036485e+01
5.954593426238043996e-01,1.595946365038301096e+01
2.653571027387378045e-01,8.504385488213259237e+01
7.590389322054470478e-01,9.211923250620590586e-01
2.470985429207038786e-01,4.633789710903673864e+01
7.001803711751759529e-01,5.691055190018382604e+01
7.175403272076193995e-01,7.645934095599031366e+01
2.304208712161148753e-02,4.071491298072916720e+01
1.400749561863323667e-01,4.877234003209004243e+01
2.500108279568897807e-01,4.081753500273831747e+01
3.773270930527516942e-01,9.201382757043110416e+01
3.582617982527979139e-01,1.964732686447256960e-01
5.663207519503113963e-01,3.257242396766485371e+01
1.570902595950344205e-01,2.216510274519020030e+01
5.305341822827368548e-01,8.603138294115285589e+01
8.751123849289691448e-01,6.317777743447571481e+01
3.613134889623145218e-01,1.203469641630973186e+01
8.823986608636125162e-01,1.935796323493715931e+01
9.645918975279443863e-02,5.151325907355452927e-01
4.561700406064406188e-01,1.703757674496916152e+01
7.193608555147761319e-01,3.704217033852656726e+01
3.698889343407573138e-01,6.232464266976306533e+01
2.873620213160780201e-01,1.615447670199846542e+01
9.770129363017470148e-01,3.886083713520169880e+01
7.578184959835005952e-01,8.624825746039952890e+01
5.923475030664904217e-01,3.804091311777671081e+01
5.998723160915970798e-01,4.339819276264710624e+01
3.425962027471000093e-01,1.100807848429107239e+01
9.672245946075082035e-01,5.537335376046984692e+01
9.853750429732005545e-01,7.541975342312801445e+01
8.209815131623572348e-01,6.881818217350689793e+01
1.312768716824137538e-01,9.699545188738980528e+01
2.431382749406217902e-01,2.835296757522438682e+01
2.824065392630206173e-01,8.965044323916184510e+01
2.548380673388028761e-03,7.609576344772214895e+01
8.398577458896527848e-01,6.948135236115138014e+01
4.651520974868295077e-02,7.800185769940129887e+01
7.823428478192541169e-01,8.814015194101371264e+01
7.730476411832533090e-01,6.145602685872842130e+01
4.588231725336986422e-01,7.060643873896505340e+01
8.493197591176463446e-01,5.772438282583713942e+00
6.876900015077267447e-01,6.718000096333608440e+01
5.477797480108324013e-01,7.316330088367031692e+01
2.767492742082200419e-02,6.511760170661320046e+01
6.149245531433428225e-01,6.200481470489845748e+01
9.617437485748097092e-01,5.972346601495271301e+00
6.870235469939474093e-01,9.810036230564556092e+01
5.718768093183799195e-01,4.885051722037870192e+00
8.405556248390340102e-01,1.338707829126337678e+01
6.923449731505839644e-01,2.071453235525268965e+01
6.137000627690654131e-01,7.445269503185805604e+01
9.669850358074594254e-01,1.605679213378570225e+01
3.615673573360894677e-01,2.445534432747631470e+01
8.587182114195364147e-01,2.055618905567909849e+01
3.246585394553014314e-02,9.020629148350094795e+01
2.358346631487194811e-01,5.531960101816085995e+01
3.634319540850377006e-01,9.467804894142533101e+01
2.788941339843966638e-01,3.390444874840226053e+00
3.593669923367774910e-01,2.294889916769070481e+01
3.950667403766039421e-01,9.708161595217453055e+01
1.555535533244367663e-01,6.209330370008488842e+01
3.539532586178891771e-01,4.378828540208051834e+01
9.576334955317972186e-01,1.078849286347628400e+01
9.856139199060370837e-01,3.868150659099907074e+01
1.967000155292804031e-01,8.573531288223779967e+00
8.649389197978436528e-01,2.426993661059897534e+01
2.424607389468852459e-01,8.431596482438886042e+00
6.515885425578962220e-01,7.877957953493034893e+01
7.196487976826867472e-01,3.296552369172158592e+01
2.708348188340817808e-01,3.830294634812633348e+01
9.951724165628589303e-01,6.639447539191924363e+01
9.192060156261815385e-01,7.857804913511154155e+01
8.564234039015148348e-01,3.473354503190528852e+00
4.663262414437597814e-01,6.180142342455987858e+01
7.987960828831019988e-01,4.037032696764578787e+01
4.125391547364303246e-01,4.630562839492697691e+01
3.394802756587708137e-01,3.715441224232441897e+01
3.785773244623902301e-01,4.444538998059217505e+01
2.625868825492153613e-01,2.921835843658249221e+00
1.760682344973288904e-01,5.613237995619686416e+01
6.832866905563717008e-02,8.924545451379380268e+01
1.896168510288059883e-01,3.257010159144443406e+01
6.634474016049163314e-02,3.716797870097854339e+00
2.219939382906435110e-01,9.587868265698845960e+01
4.080233702324649325e-01,9.793334794900559359e+01
8.108009548461736493e-01,2.544484027504406853e+01
8.595719726058353993e-01,8.751164824385027430e+01
3.583384129467104273e-02,7.119005653971166581e-01
9.345772079846437208e-03,4.752510536989459666e+01
7.436874718600968714e-01,9.835775449020141536e+01
1.793860797547608410e-01,3.027068066489884046e+01
7.984730640694012171e-01,2.304407048513370526e+01
1.848345425611408466e-03,5.028813715238242565e+01
2.151392244749874560e-01,6.688796129032084536e+01
9.086009921174154069e-02,5.828694108628216242e+01
9.897547437840108486e-01,9.401315183114655838e+01
9.062933251996962980e-02,7.528586619218543774e+01
5.823129192113924990e-01,6.879221885962775218e+01
8.713771677988085829e-01,6.251415234360113971e+01
2.275127702723150902e-01,3.617626848501973313e+01
3.068028010013816864e-01,9.536280619418235460e+00
2.681662226329964982e-01,4.921547129566017276e+01
2.841811103442215547e-02,3.572648615654604498e+01
7.817966858692630971e-01,9.148761541233307071e+01
7.663707576169177527e-01,1.041161719157411802e+01
7.784654561257811078e-01,6.784191297717863733e+01
7.802560216179886821e-01,8.454024954025393868e+01
5.172383024498754533e-01,6.062682993981952961e+01
3.972223876316320901e-01,8.360784489710756873e+01
6.604413175333689878e-02,2.690554594152025913e+01
5.607993195729918945e-01,9.477169153796995715e+01
6.322018063915302299e-01,6.514035876605073838e+01
8.619125962369097449e-01,2.185343337561151955e+00
5.196347177481623891e-01,1.829888429596800847e+01
9.286894304406110301e-01,6.266737589302532285e+01
6.210158283928992606e-01,4.680835009312593797e+01
4.103503511703066042e-01,5.922383115594976033e+01
6.459602330448460661e-01,4.847499583381627275e+01
7.238089953194715154e-01,6.418652254848468885e+01
4.069464868072494301e-01,2.411975920577977917e+01
1.516717984818114484e-01,3.988728312840653700e+01
2.969450379502495130e-01,5.984667549349497051e+01
9.424322594949325893e-01,1.698933873191852229e+01
8.344330209861969827e-01,5.627413049512456666e+01
9.483978723761330443e-01,7.914466870842623791e+01
4.045627572141546890e-01,2.877713189265169547e+01
9.381329149345204454e-01,7.291982048722925924e+01
8.892355170632361139e-01,4.355909790331232756e+01
9.098186098184842807e-01,9.828368821310492365e+01
5.959020209542934543e-01,5.156700702603574626e+01
2.281528959155465497e-01,4.292665754859057614e+01
7.935153529362550806e-01,8.106320195835034781e+01
8.610500453149942945e-01,5.869208167695821032e+01
9.823165384294050284e-01,9.187276840024176749e+01
6.586929849635119183e-01,3.535372613388062746e+01
1.071396617777937710e-01,1.112665380065147591e+00
3.061481198110935775e-01,4.920469014275026609e+01
3.770621836638274882e-01,2.310890873432387593e+01
5.074625653937984149e-01,2.779533307118870056e+01
5.605299275871409304e-01,6.288776665091050688e+01
8.903438857207495172e-01,9.351117912074930416e+01
9.071282570436254300e-01,9.836612337566087660e+01
6.201766713160901112e-01,7.582639619780916007e+01
1.234536565061871149e-01,6.443119764161295393e+01
3.425804956733813356e-01,5.866405787889232926e+01
8.728434986564390652e-01,1.165166436798887872e+01
6.349361673731738209e-01,5.329328238009841812e+01
1.547609517663465217e-01,1.384337277466391924e+01
1.170123373631716257e-01,4.414295257130318362e+01
5.981308529854267864e-02,3.652705664073741332e+01
2.599810924284018387e-02,8.053236646165923673e+01
2.120239606904290586e-01,1.810142097024775154e+01
6.490856314537437610e-01,2.764947447131280711e+01
2.551851953187733724e-02,2.164555580992261241e+01
6.537677517778214265e-01,8.638024934924337117e+01
4.851729749747816234e-01,7.226143773944974669e+01
6.869302023401602231e-02,5.354133118315282047e+01
7.260490220810075224e-01,2.263982066947123428e+01
8.307408175277641860e-04,9.449667113054344725e+01
9.272311706179052759e-01,6.846843431290105642e+00
9.531003545126703891e-02,4.651265000563940788e+01
1.416867620663637695e-01,4.453169713745575820e+01
9.732505054242430731e-01,6.419645361413832063e+01
7.371881902387690255e-01,8.161497097066705564e+00
3.872909217439666207e-01,5.662703132163141362e+01
3.000468178095555549e-01,9.760579877899200341e+00
4.464270718350135114e-01,9.524705264529184490e+01
2.181723012178404808e-02,9.895139887833231285e+01
4.688555378328128631e-01,3.967012989626203989e+01
8.752132599587296724e-01,2.077232297011952866e+01
4.723197690751033129e-01,8.815873470792269018e+01
6.762953174020626124e-01,4.907756083426975380e+01
1.145651335099244772e-01,8.258083079725085440e+01
7.701317052287148801e-02,2.949196861891210020e+01
6.510973310000141012e-01,1.716046349971872687e+01
4.428358423149029166e-01,3.648813873181099154e+01
8.448369524393791741e-01,9.205213449366809186e+01
9.009744815366883541e-01,1.240937933846700858e+01
8.984561094747524068e-01,9.244991663240764268e+00
6.872364721862895820e-01,9.920140778913071244e+01
4.879507169698730218e-01,2.861945340336161792e+01
8.304661252715963560e-01,8.302809679295560841e+01
1.684884868205813735e-01,2.429024277845550728e+01
7.863478510859902570e-01,2.185529097604920068e+01
2.087748842036286634e-01,7.917455203162772648e+01
7.717323283491845931e-01,1.461756576213686287e+01
2.574562120402899001e-01,2.738210084084558105e+01
6.007041490307927223e-01,8.782636465238799417e+01
1.350579140852750104e-01,5.961413254503256098e+01
8.359972793635289667e-01,7.069380509514266997e+00
3.100548842616734913e-02,2.175899846530060522e+00
3.971805474186560492e-01,4.261046145461121171e+01
4.772869519771649749e-02,4.234058445066001042e+01
5.618863254294795828e-01,3.566603637846829145e+01
2.503229484575213437e-01,7.110399302118990761e+01
7.724505817912008521e-02,9.539717789774613266e+01
4.377368716081175837e-02,3.007765185815266662e+01
3.738386834335302167e-01,4.499391041645704092e+01
7.257137205611881026e-01,6.172775687042840786e+01
7.962505843391216587e-01,1.268599880735489194e+01
7.086852204425749813e-01,7.098957491181151624e+01
2.839326485733965066e-01,6.800871211711820763e+01
3.316877125905990376e-01,9.210079093366213954e+01
1.990142277408883942e-01,6.924731490747777229e+01
8.756614232739434733e-02,6.473869359899497411e+00
7.317515573740470680e-01,5.277122168714879535e+01
6.778672176348675693e-01,9.476791345304036440e+01
5.410044484907640117e-01,9.608145384957384749e+01
8.139434690346536438e-02,1.065674478953926307e+00
3.148979469302413126e-01,2.969883330818397127e+01
3.951412116604022806e-01,6.245395651248930591e+00
5.065407690537502283e-01,7.950077664109221587e+01
1.688781177164994096e-01,3.063806863863269925e+01
2.802009198684555225e-01,1.080349808365779296e+01
4.848687027436167085e-01,6.477034406614495765e+01
4.584061446816842800e-01,4.017309907015469150e+01
3.080123055965089396e-01,7.104781779683459320e+01
7.426538332748218174e-01,2.031076970162752815e+01
9.388509870551187131e-01,6.306730753775251230e+01
2.152037742877122017e-02,8.205624383089083551e+01
4.612583358422087665e-01,5.145486617676856866e+01
7.307480478666823487e-01,8.451130215169986570e+01
1.496273788943531802e-01,9.979723046103727846e-01
5.178932710597932143e-01,1.821931780930803413e+01
8.142717204569228651e-01,4.368602358138120678e+01
4.225599403529550768e-01,6.695965771843005143e+01
2.862604915072403111e-01,2.226511171294881564e+01
3.888196154513033909e-01,8.990168975136235474e+01
9.625671104985480397e-01,3.518182141499419657e+01
5.898086854422552872e-01,1.346900043790455470e-01
1.340293934579700474e-01,2.035181684896921794e+01
6.166383070729011262e-01,5.362986815597995616e+01
5.764602205393005718e-01,2.475141553162194441e+01
8.333519315924419191e-01,6.521259363005607668e+01
1.323653346162865230e-01,2.911807517270098700e+01
8.699075765156888407e-01,4.231750887439400799e+01
9.675825306654808333e-01,1.039637349120646803e+01
5.701033063021068159e-01,4.464902079800381784e+00
9.456975605363671100e-02,8.122136005236332323e+01
6.365609064629614844e-01,8.443528005770311040e+01
3.974878333041743650e-01,4.034446902439727012e+01
6.051468541239287680e-01,1.764062150040616217e+01
7.570805302971111983e-01,6.246460722221206652e+01
3.858176577233978222e-01,6.931885583711769527e+01
7.676218358201178926e-01,2.141236108393999160e+01
9.691010671448427871e-01,7.623221824692375037e+01
1.276732075041595582e-01,2.181680433270719632e+01
7.741165946469098502e-01,9.235871472215463029e+01
8.314405641905542321e-01,4.814461694168767991e+01
1.960489480164651077e-01,1.889380601811696536e+00
5.453347693011277864e-01,6.424354606451835537e+01
3.859428677565338583e-01,8.104743980245186208e+01
7.424927096513607161e-01,6.051070024816420556e+01
4.940235624510377344e-01,3.632046484690618371e+01
9.321263620051679633e-01,6.712402303091505473e+01
7.567422341537782815e-01,6.473435787441893297e+01
4.744129900723319526e-01,6.437160005265891982e+01
2.780991699397972194e-01,3.879427392541865061e+01
5.798598375971611985e-01,6.420899950239048337e+01
2.618190350378611919e-01,1.838700471934498992e+01
6.221737018459435609e-01,6.151086430882051559e+01
5.817025461406273301e-01,8.736798390488334576e+01
4.607088812502374564e-01,4.587165414023376542e+01
7.194948758791754884e-01,8.479110866040961980e+01
2.863683688010009165e-01,1.446889491716008003e+00
5.680682650586064142e-01,1.304737285128632074e+00
3.480582219505279351e-01,9.954341076521704679e+01
2.787327575172050542e-01,6.725112337568958765e+01
2.640930184281398141e-02,4.849711076343466232e+01
4.656404954651391925e-01,8.936709761180223666e+01
2.242291681985771890e-01,7.082938143673278120e+00
4.399025337667097357e-01,8.580680967451321806e+01
1.793798800799106807e-03,4.298500760684112265e+01
1.608312741720303585e-01,7.966607540181350089e+01
1.267244485937901732e-02,5.091495877392515723e+01
1.490523106960510713e-01,4.980056385922397055e+01
7.252210186813947690e-01,2.535805511040952709e+01
4.952567420152611533e-01,7.540281972519700560e+01
9.076422941817893220e-01,3.514657426088659520e+01
6.152874011495007567e-01,7.320733190040596128e+01
3.852378667815459234e-01,8.170725938438656044e+01
7.432431844802939169e-01,6.889969165084355041e+01
1.025496144961443035e-01,9.482605376536777442e+01
8.517224197724911905e-01,4.811031809663069225e+01
6.871802317546779060e-01,9.643123310950812765e+01
9.916521209684815430e-01,9.248445760683384265e+01
4.010512340959918598e-01,7.728854994479274865e+01
5.465901248182160055e-01,6.660002846354384332e+00
9.682340747662300240e-01,5.352188279492676770e+01
5.516538394269638879e-01,4.073333134825615076e+01
5.047733840095809388e-01,7.295567979132692926e+01
1.838940879708541587e-01,2.421511664521111129e+01
7.238193754491587528e-01,8.377943944590970204e+01
6.710820612553037856e-01,7.538572365219937410e+01
6.441530715518227757e-01,3.191323347386926201e+01
4.467910624054589608e-01,3.636620849668585720e+01
7.071839210914057094e-01,5.760800122156616254e+01
1.699142979595135161e-01,8.837084257263684606e+01
1.861498343047578441e-01,7.372947769589036682e+01
9.544310049223387882e-01,8.176832704922429684e+01
3.027269810339959788e-01,7.579752189148149455e+01
8.659897539944053646e-01,7.966475114610067010e+01
4.716847975773256207e-01,5.661572924634594273e+00
1.080471695475347937e-01,5.724675309310251947e+01
9.156818447948914530e-01,1.458989601331324160e+01
5.638293494448546328e-01,1.888883472382250162e+01
4.088080588316697073e-01,3.461070308826399611e+01
2.645247582533353237e-01,6.690051009357722478e+01
5.543739762866611853e-01,7.744739911630831841e+01
3.735011884185491793e-01,9.161476762527065887e+00
4.762756311583524749e-01,2.645303278394458601e+01
9.504588133978143505e-01,2.409308425508534057e+01
8.902033074542710089e-01,4.282421831360362319e+01
3.471463577723197247e-01,3.851643644874858108e+00
7.737820575393903333e-01,1.463947711490802917e+01
6.587897876280071063e-01,5.054853662840475437e+00
6.372223880641288973e-01,1.251771532822943911e+01
5.353804497858402067e-01,8.892459990476864107e+01
5.239469893926306243e-01,4.368658601475105741e+01
8.105190465023380808e-01,1.262240035585977438e+01
9.800312636428274438e-01,4.074218898480375373e+01
8.978599047725399629e-02,3.718612321941816568e+00
2.109266345321564318e-01,1.698170338602205121e+01
9.877397911678188480e-01,6.706038349633358564e+01
8.769330758631860290e-01,3.563615980633785085e+01
5.115448076324214943e-01,4.432969284595476012e+01
1.043648972047552803e-01,4.930335471632595556e+01
5.677454595734999776e-01,7.793393215262884155e+01
1.138450752180795167e-01,4.765879155974401016e+01
2.271964133935817642e-01,8.749732844231537854e+01
3.377132255641753789e-01,7.696271506203474644e+01
6.045834447289023528e-01,5.739649373127407728e+01
1.537427935989308381e-01,2.286589903334501628e+01
4.321431577417726988e-01,2.642026338636819105e+01
1.169843432659403160e-01,3.988879387199304460e+01
7.478307231027643276e-01,6.038927758720038241e+01
5.619413161893939135e-01,9.781042719133901642e+01
2.239232844648220144e-03,9.140753628559903632e+01
6.857448616151947673e-01,8.711411410383269072e+01
2.432365885214914369e-01,4.702953793102972213e+01
5.881447951963626464e-01,9.635627802208129822e+01
8.293965750634573197e-01,8.087520741223569587e+01
3.213728715244181799e-01,6.116615779846880230e+01
9.094542733548796054e-01,2.709636065025794593e+01
6.052409674210460500e-01,2.013057499179769039e+01
7.376706134642129209e-01,2.917869801158480314e+01
3.213626254350139266e-01,8.046200661554027533e+01
4.061913601916787853e-01,4.295124276610467007e+01
2.174607867882019097e-01,2.403861364746786577e+01
6.838340374467265503e-01,5.010154480613371319e+00
7.797703716861222878e-01,4.829587812945512759e+00
2.016896550952970157e-01,2.377859770991990018e+01
6.631311187108843708e-01,1.427670329535017935e+01
7.399482631693015122e-01,8.205877482552669733e+01
1.363698779438553554e-01,2.192417808231302701e+01
9.670276974671386805e-01,1.975251044119341515e+01
5.712159712627705721e-01,3.328461054757211457e+01
6.767438210057639125e-01,7.678460894684148741e+01
7.543925319278569352e-01,2.603655286326172913e+01
8.049501114283506009e-01,7.730089990317561899e+01
3.199535624750171614e-01,3.120393326244460397e+01
8.894630544354406032e-01,9.855988538310667479e+01
8.387177899623001753e-01,6.659363706136817029e+01
2.141954749536031377e-01,7.871646431657556775e+01
4.821110352440088898e-01,2.539045865273571323e+01
1.991293545642234264e-01,3.823402874187554801e+01
1.967383136702248736e-01,7.688973903513412722e+01
9.739648139847388864e-01,3.563117016065429254e+01
5.977641704233688236e-01,3.088346026374526687e+01
2.141248027552966615e-02,4.149454362418955355e+01
9.464658892508426291e-02,2.357498984579600076e+01
9.109354488993622878e-01,5.701814542290180299e+01
8.222814889841092434e-01,7.595212549864457685e+01
5.595860361516976633e-01,4.865469410421107455e+01
8.571534104455935665e-02,8.637474712005355570e+01
2.668757485359277704e-01,2.005883208504508630e+01
3.473329597469895225e-01,8.774496000369819626e+01
5.691724179441746134e-01,7.568513115046722817e+01
4.998894483671156852e-02,9.353728348777887902e+01
8.533922656462701317e-01,3.330414830195633868e+01
7.895687907052960641e-01,1.063696183061214562e+01
9.790843726695463989e-01,1.922734751699661615e+01
5.327715854468626500e-01,8.410549684846846219e+01
5.819257817408175493e-01,7.249085666319232679e+00
9.314018064723520451e-01,4.324537446228682569e+01
5.096308101097927201e-01,9.029398405980867892e+01
2.899652679344458805e-01,3.583680502311652560e+01
6.304806655759410683e-01,4.339431715911346288e+01
1.900327659501264144e-01,5.478868861646400745e+01
1.184069773234659451e-01,2.757884869579318998e+00
5.152850211558395177e-01,3.170886562715141821e+01
8.877963310149996623e-01,1.066032340187558169e+01
1.734858056453002506e-01,2.751802250532591287e+01
5.771356533906648600e-01,1.342583925315042848e+01
5.267948510469874224e-01,6.838578558786491612e+01
5.742897705475260572e-01,1.422386579903690595e+01
9.085568459684537634e-01,8.811738597710359500e+01
6.231057001754417568e-01,7.977423036699581971e+00
2.182357502331356836e-01,7.352598099762714412e+01
6.383451645986859546e-02,7.653452696736508187e+01
9.049781633355817867e-01,7.634647826146790806e+01
2.726427041919577965e-01,9.192986715327083402e+01
8.583464939625471413e-01,4.198680618874929138e+01
6.304269276400343847e-01,9.733451433828467714e+01
1.921532805835394209e-01,1.229748613292040993e+01
9.963964235195532648e-02,2.813547506594355951e+01
3.098321670571811959e-01,1.962419662891682393e+01
2.438043397036577797e-01,9.183672788832477352e+01
7.239805771988332417e-01,1.046417680112817727e+01
8.412777338128047955e-01,4.426154687310454960e+01
2.069210677329077486e-01,2.423414170660579359e+01
5.427972464543143749e-01,7.840821358900419114e+01
5.701081111497637854e-01,2.621532491736324744e+01
6.786087348811196129e-01,4.971390689475158098e+01
9.968038955471549833e-01,1.948905153805827695e+01
4.256775038477365047e-01,4.871536270735409957e+00
1.165381817068203985e-01,9.061246956763604032e+01
1.342163435130709903e-01,4.045373010957765558e+01
8.139702805535291574e-01,2.069856501967583995e+01
4.222985279981938955e-02,6.955134430011488789e+00
2.183098840796646734e-01,2.387560371207352361e+01
1.698345071262049588e-01,5.284231549920158955e+01
1.542183137818008420e-01,5.093468342762107426e+01
7.793260204007423919e-01,5.163689751571709508e+01
4.755064716307407791e-01,2.004908233988622612e+01
4.375914098287921883e-01,4.238206814755015728e+01
4.511149558542933979e-01,8.355433043183791142e+01
9.153100495885947430e-01,5.550396332616951156e+01
1.430199821014461747e-01,5.922997485298168385e+01
2.424767291688869619e-01,8.405649239683457097e+01
6.259013239944087870e-01,7.181041976414540784e+01
5.161839668358049193e-01,7.099885766071145632e+00
9.000082003135063680e-01,5.437123130280340177e+01
3.414288038466672948e-01,5.929162876226597234e+01
2.889736102753903690e-02,4.281577212231893270e+01
3.716844874458092862e-01,7.707834484318573232e+01
3.256778367667350071e-01,4.596341370273285776e+01
9.069776375935164614e-01,6.776842915580483862e+01
5.601021390665610333e-01,1.738026819976630222e+01
2.457118559007258618e-01,7.693932332888410031e+01
4.411395809556005743e-01,8.740720241388359568e+01
1.541325094779220084e-01,4.775951685719444839e+01
7.478853774276250643e-01,7.213573006663789045e+01
3.538370301542683727e-01,3.936631078118646343e+01
4.790405069193675036e-01,8.043936220524710734e+01
1.019906776720361785e-01,9.378187151452387127e+01
4.684519677043080810e-01,5.743617678147483474e+01
8.145939134953534833e-01,4.048439158959683226e+01
4.632150230331989471e-01,2.961895063623822821e+01
3.992074113845525130e-01,2.876348969125247379e+01
6.102862297633894206e-01,4.633841634929676445e+01
6.604856817238582423e-01,8.990301338773394946e+01
5.439904448967607387e-01,6.449497020241942380e+01
8.080091432378497807e-01,7.767418159031380753e+01
4.606188608274203178e-01,2.371089045072374191e+01
6.949012201385353915e-01,8.954713522916824786e+01
9.232291574309423599e-01,1.779350259918940225e+01
2.031931711702779086e-01,5.144301793738406303e+01
6.935932987181318010e-01,1.951465968251746474e+01
3.071909431901389542e-01,1.762861101424633148e+01
1.932102227976562059e-02,1.698071984929347877e+01
6.658216628075722676e-01,7.431877986401838143e+01
8.506628357032384180e-01,7.766231080124985198e+00
7.949264456644753452e-01,8.584101301757272040e+01
3.583134119819689767e-01,6.948382831833895068e+01
3.548927778381549825e-01,5.061301766700776028e+00
2.610359895495292237e-01,6.335388520297149739e+01
8.782848863245917848e-01,8.723067606954063535e+01
2.404955865763093170e-01,3.245940771120993418e+01
5.612658653067665870e-01,6.972131002616883677e+01
5.450158985184546667e-01,5.693730885723812918e+00
7.885593772987931072e-02,7.420366929539848400e+01
5.627191065466499165e-01,9.995440284859835600e+00
7.165358229894535080e-01,4.591544529696330557e+01
3.098154947534879078e-01,1.823014061297616450e+01
4.900138394326646329e-01,9.704693997722198162e+01
1.553789712202352513e-01,1.262157404167563257e+01
1.645409589239514858e-01,7.072271071374606777e+01
9.531054739491724437e-01,6.922530643720830312e+01
9.309532510320583931e-01,2.807465641462030348e+01
7.669179711087310558e-01,8.143262534201393521e+01
5.526368912374990394e-01,3.532954276351279788e+01
7.580504168864612424e-01,1.066671369230409727e+00
2.380786343536641647e-01,5.444742874392633070e+01
6.957125820015706008e-01,6.980466207706994908e+01
9.460907990240609022e-01,6.967668331123786629e+01
1.261026264343489967e-02,1.533344165982467544e+01
6.291379885544658990e-01,7.008040118001559904e+01
9.274086502166305479e-01,3.285346616669313846e+01
4.650027385003496772e-02,5.948553085165065824e+01
1.707889195664122894e-01,2.471083231392755408e+01
7.862279771083309221e-01,9.818938959863588423e+01
9.072408820526762785e-01,5.782648873502422049e+01
1.656433936579422284e-01,7.856969045807463203e+01
4.256151393189958609e-01,3.518572182560183137e+01
9.236779367502900850e-01,4.664704516005811996e+01
8.459395029583337555e-01,6.171200944204762351e+01
9.224148665448156370e-01,9.898297883653863494e+01
9.406754356452092791e-01,7.090472095435562672e-01
9.451308485972953477e-02,5.594903441510440700e+01
1.037215809785330123e-01,5.588710536153451258e+00
3.682832215067355364e-02,5.028257718490137052e+01
6.738110611801233496e-01,8.766225350226444846e+01
6.461910377082731305e-01,6.978014025234369910e+01
5.130062601158282831e-01,8.345153542812200342e+00
1.212069503303331297e-01,6.589514434209344529e+01
9.768057698949309531e-01,4.302779154591169686e+01
4.858115084632141922e-01,2.385753553233864821e+01
3.557311682241994788e-01,8.496893718298764497e+01
6.910338882463137322e-01,2.520986939352377476e+01
4.108387550257589504e-01,4.161212788943188201e+01
8.077100433651257516e-01,3.937815872939859219e+01
2.785234819795237016e-01,5.393725349999816387e+01
7.551565939808834171e-01,2.474894622508855235e+01
1.577462583435162990e-02,4.388806146878667391e+01
6.436091718075501733e-01,5.052722267160313407e+01
3.041229194076052744e-01,8.259454630437842582e+01
4.354348489987104331e-01,2.031122051476204149e+01
3.962350510732193243e-01,6.993110330015237253e+01
3.633241984892294774e-01,2.186407646797715643e+01
6.068634577402861607e-01,1.087402896554863219e+01
2.047669267329611520e-01,7.169333127386310878e+01
7.836742911690701696e-01,9.052534172230409126e+01
8.708587375523486607e-01,9.632975104850740422e+01
3.126065100169114208e-01,7.372037297127830868e+01
8.800562137875973523e-01,9.509851777812546914e+01
7.786612830659500606e-01,7.895759565035105254e+01
9.493568856095413455e-01,6.039817257851068888e+01
6.522342297574204029e-01,9.198672995809661757e+01
7.715602425416172583e-01,1.739392408825353087e+01
3.522764339675715783e-01,3.757174455007108804e+01
1.489590335764376938e-01,7.487740645611408752e+01
7.739940912528018302e-01,9.208328145920431496e+01
3.842967198224012115e-02,2.720386920582027557e+01
3.542551670489324511e-01,8.739142724340410950e+01
4.594295564425291412e-01,2.813595182393423499e+01
6.868221488605851244e-01,3.115748415027182006e+01
6.462391247407467398e-01,7.669393932847889950e+00
6.826803796771014898e-01,4.567099655415700710e+01
5.996646040730972960e-01,3.928538075401094432e+01
8.576709444339207788e-01,9.226709553610820080e+01
1.623218383374451790e-01,6.350844722408594833e+01
2.682013491615059531e-01,3.072353101184858204e+01
2.855684602619428247e-01,4.343843269707203802e+01
8.519928011607103002e-02,3.996400578298805328e+01
5.106229418331361680e-01,2.168879631987903167e+01
1.301344817274847632e-01,4.945471994926064596e+00
4.269827105907261222e-01,9.503434870484451125e+00
6.918819556753286193e-01,7.028507869618988479e+01
9.098439920487785271e-01,3.330288875350547784e+01
1.186778017937240026e-02,4.787193323065936568e+01
4.882503335235368613e-01,7.896188008194286567e+01
7.301025393562530219e-01,7.979931979429349553e+01
5.422534053196910175e-01,1.559727931239407450e+00
1.712286253355399523e-02,6.480965976177485288e+01
1.715918832374925262e-01,7.112832168498842123e+01
5.830764367471797938e-01,6.265939236733913020e+01
6.939996441372852098e-01,8.420258172412718523e+01
2.142354094619913774e-01,7.562863578401690745e+01
9.456024966339209303e-01,4.981025164042501530e+01
5.137052517777118688e-01,7.437785302176749269e+01
7.479008791754647723e-01,5.092407382707203567e+01
1.859365904985216256e-01,6.870618359815297538e+01
8.093586327128327040e-01,9.279713294461642192e+01
3.465159600985859845e-01,7.215894912655396176e-01
5.724777003422302224e-01,7.475146660597606285e+01
7.061722327649699871e-02,9.859680179480212914e+00
9.613264257152331904e-01,7.025853146322944554e+01
3.404339825681526044e-01,7.976891438139813317e+01
3.345521863373643878e-01,7.484999534374381369e+00
6.436628745325418954e-01,8.407995628610464678e+01
2.099484471698775945e-02,2.438836243610921173e+01
4.617211796243976263e-01,2.631833218505009597e+01
1.744916231771238557e-01,8.902228883549796024e+01
2.835384511681734443e-01,2.787466984707964812e+01
6.005363110192780685e-01,2.896154002717318221e+01
4.978279784955184084e-01,7.039279805449844218e+01
2.903166965417069978e-01,3.514777501860307041e+01
3.736537461274055394e-01,9.236224182261094029e+01
8.796530134017508384e-01,8.345713046418282488e+01
3.393420710124679385e-01,5.605586287257214906e+01
4.693075482974736756e-01,6.979515879191978911e+01
9.027740465836699979e-01,8.778670161391204374e+01
4.116237500779718061e-01,8.412086204310519122e+01
8.218193940330780212e-01,4.049918443833630022e+01
9.075016285523693771e-01,6.966433622657665126e+01
3.675990746541631937e-01,1.682065180536679350e+01
2.181326514909572856e-01,9.259653938946014762e+01
9.114126143910938893e-04,8.126478623275268376e+00
7.498750286413873312e-01,9.907033502737890274e+01
7.523185337688782504e-01,6.593728931337139443e+01
2.764729292121235193e-01,8.467117808197501461e+01
3.101767003689153146e-01,9.366074057600351921e+01
5.602124972647748447e-02,4.458546197584232118e+01
4.700151459509211982e-01,2.401424086162682414e+01
1.231911381329227062e-01,3.494935998213824746e+01
8.379782246655758104e-01,4.479804961286941989e+01
8.708421959146863678e-01,7.059147698561530149e+01
6.492475695137697178e-01,4.807280106462595626e+01
3.920032115416705043e-01,5.911320216609238543e+01
7.506343257598988572e-01,5.617965473010679744e+01
9.701308719389688529e-01,9.978880084711741461e+01
1.336259285458484269e-01,3.789972530075748125e+01
4.756411469062495900e-01,9.684441685023276136e+01
6.702931247400830683e-01,2.699351208426939053e+01
8.708421687905053554e-01,5.570840612237581979e+01
2.329039520119463580e-01,8.367827738684196603e+00
9.984775256113531672e-02,6.336769075965786868e+01
4.374357995151098022e-01,3.617496829946817627e+01
7.374466057640787220e-01,8.644509651911590709e+00
3.250616989291025272e-01,1.586275001639588744e+01
6.430204870620110924e-01,1.599040425330200321e+01
3.338215590269739685e-01,8.099845089307355295e+01
5.367978017201306962e-01,1.216682142194258631e+01
3.530485989648367573e-01,5.135317988840655090e+01
6.513522145652154149e-01,9.192670120879475348e+01
2.403587264677078394e-01,7.802799981588724165e+01
1.344052969180609125e-02,6.475679197427737677e+01
9.732566633699416547e-01,1.474424319189107102e+01
8.739421902680852838e-01,9.760183920321136952e+01
7.687807010678965325e-01,3.003335722963700505e+01
8.908803283313505572e-01,9.603874533313640427e+01
7.205595338409891415e-01,2.497933719658790253e+01
9.740247489672968495e-01,8.170588823987053217e+01
3.023173183715023304e-01,3.870439668774151443e+01
3.594642025025759358e-01,2.865411340615104763e+01
3.997877737973688506e-01,1.659461704367777202e+01
5.648393310770031261e-01,9.762298034780148015e+00
9.136126302448273062e-01,3.273350211200750692e+01
2.343790796829228196e-01,3.001961592680694224e+01
7.869942951549929733e-01,7.255559624929163931e+01
9.009574594791706081e-01,1.390047174576012345e+01
8.707879250558121509e-01,7.739447525331202371e+01
9.204628403475869636e-01,1.116242067948570771e+01
7.068423216333287185e-01,7.619360381148941030e+01
3.970623788323892622e-01,8.657419876040258089e+01
5.846386282551840896e-01,8.443724231411478343e+01
3.585367421917192710e-01,6.342105277511211625e+01
1.898150995844731792e-01,5.314726881471043640e+01
8.885702085960068830e-01,5.397914301905407797e+01
7.959856143451669030e-01,9.228087707935478079e+01
1.777353738317325460e-01,6.111504818642337966e+01
8.884831351532149757e-01,9.699409861605457195e+01
2.848149178977749107e-01,6.821629861599555511e+01
8.236560865811320964e-01,7.958970758794670530e+01
9.474583811919574661e-01,1.682538524004620939e+01
7.430272915106157505e-01,3.382895874390799662e+01
4.911839290171623462e-01,2.849341871800928772e+01
1.520353285706355084e-01,4.804326744258046844e+00
8.486893985802917983e-01,9.570253414554849769e+01
9.882184987278790356e-01,3.492118936343464952e+01
5.337822873218571740e-01,2.975510216273635677e+01
3.742105387988022835e-01,8.209493657821357715e+01
6.226824459678110824e-01,8.613821838988860691e+01
5.445785934185909394e-01,2.827687305297905596e+01
2.310500711988738853e-02,6.251246156442017110e+01
9.512656940894591573e-01,7.781757695259133811e+01
9.051451434180532996e-01,1.453794435634169169e+01
3.130565801313488494e-01,2.838776530831929179e+01
3.390438599599210345e-01,1.736908436085424867e+01
6.894865775545129249e-01,3.234954978025602657e+01
2.952548123826765902e-01,2.691927231800407228e+01
1.575274238505780522e-01,8.622882994808135493e+01
1.154099207881974509e-01,7.995638010923539696e+01
5.979598767869145348e-01,5.750806013662659666e+01
5.844546145402423898e-01,9.272529515932913569e+01
1.812672476528652821e-01,4.374629380633876252e+01
3.951637349080965311e-01,7.069386698538174585e+01
6.499469451998864944e-01,7.370112971190430073e+01
8.526461155089029020e-01,5.365304996781946301e+01
8.646287834907928627e-01,6.577678138069087410e-01
8.269449371933721427e-01,4.566729146089132030e+01
8.166897894326962115e-01,1.848337934718715658e+01
9.395570034060807263e-01,9.697770680236345697e+01
9.219959529797799869e-01,4.613988064277501167e+01
9.613778427740702348e-01,9.121768528996675229e+01
1.183182774002582427e-01,9.105778835953951500e+01
7.968151476198438443e-01,6.287276349720254132e+01
3.885934124146013247e-01,3.090437592094821184e+01
1.411804590184595476e-02,5.414230708150589066e+01
2.943605062268955797e-01,3.949601527451428495e+01
4.221688324399691661e-01,3.599244652691741209e+01
7.738434670253194758e-01,5.549397950531612622e+01
6.060442036164792601e-01,1.667174838319474972e+01
5.757965456620728339e-01,3.247576790429454974e+01
5.272944887008754744e-01,9.791037717153243136e+01
9.245853580683682793e-02,3.719990202878567942e+01
5.506891671552015532e-01,9.277790468863567952e+00
7.318137424382659129e-01,8.980709201566951094e+01
6.374418035193637477e-01,2.904791877978449932e+01
7.929673120443311296e-01,4.069457341942290896e+01
5.892323677704067730e-01,4.483681732339010750e+01
9.409626940482197499e-01,3.605954918448861690e+01
9.949389102098721294e-01,2.286704611522184649e+01
5.205168473375717531e-01,8.368966626029028077e+01
3.155393396455249411e-01,3.471556446897916537e+00
2.609286481810332292e-01,6.870204267934927600e+01
1.794010431743797707e-01,9.504677528929728680e+01
3.063726431853903698e-01,2.112442706876412757e+01
3.474372531227150063e-01,6.496484236059960438e+01
3.117499886774797169e-01,5.547674261153893127e+01
7.007350879806074628e-01,7.718126242625072564e+01
6.370408857442870776e-01,8.203788288452362565e+01
3.337293379417526351e-01,7.335050434055474966e+01
2.103309528331281930e-01,7.312859939256021846e+01
9.031767304098019533e-01,9.084977415597772499e-01
5.578435982018394856e-01,7.795354171903557017e+01
6.192120551307711551e-02,6.873792909060993850e+01
1.787044448838315258e-01,5.994235831563672434e+01
3.603481035541926669e-01,4.582517634644178273e+00
2.328295722341487961e-01,4.337080383674063455e+01
4.235742284067622876e-01,3.694360661973538384e+01
2.804180322535027026e-01,3.774606238812383197e+01
1.835160136848615897e-01,8.785186703753734605e+01
3.161543039010838996e-01,4.975871853189657656e+01
6.522812679989430373e-01,3.668008601801609814e+01
8.243335068635790908e-01,4.218060070428381181e+01
3.016354419111321183e-01,3.845260298974939417e+01
6.944331189957975159e-01,5.656849226569239164e+01
1.817592342846152675e-01,2.160164118607416128e+01
3.579716552179865729e-01,6.107686562101672934e+01
2.632018402205861252e-01,9.116889034310325712e+01
2.452508979219861773e-01,6.615140040278355116e+00
7.552988031821311621e-01,4.872674903402379698e+01
7.496074555342291390e-01,5.181171245389160873e+01
1.584346586206002439e-01,5.081396202336944157e+01
8.670518422112354351e-01,2.014574601400269671e+01
8.338575235107298367e-01,9.680514668412052970e+01
2.812600892456362800e-01,6.092112491312675360e+01
2.441008871723266971e-01,2.511700748104103198e+01
5.210253180634335513e-01,9.782733268382848735e+01
5.001550221547087505e-01,7.097610205054870391e+01
2.103613124699349468e-01,8.615897631081233499e+01
1.718998110034987148e-01,4.095513710987471967e+01
2.577830438956529857e-01,6.119101789030958116e+01
9.605524984932644061e-01,9.894095714280892651e+01
8.203920987955322097e-01,7.639190159968693195e+01
9.415315189378165028e-01,5.468164292305770857e+01
9.651629515776671830e-01,8.687472394988756719e+01
9.628350598865368370e-01,2.943080948561382826e+01
1.524949719130576087e-01,6.812325855916501638e+00
5.434779599683345896e-01,6.175804752839601974e+01
7.507462661703946383e-01,9.333779538455788227e+00
3.730486857582360205e-01,3.081784777482288185e+00
9.513073108309694215e-01,6.608703895654784333e+01
4.268066097747449383e-01,3.914373572600163698e+01
4.835023092042900483e-01,4.718503821393237274e+01
9.151532558058758093e-01,7.055106246612030674e+00
9.450947856523427282e-01,7.733209993103617563e+00
8.492921718841159873e-01,6.344844385387122543e+01
5.799095772111065861e-01,8.015305220404175657e+01
2.128654726270682307e-01,7.847326300712042624e+00
9.779559589865499669e-01,2.823684508144336291e+01
7.008631342893670846e-01,8.651847768806187844e+01
9.731244899924748060e-01,6.176828228293230083e+00
2.945290090591912158e-01,6.672697637756868971e+01
5.715685820882343560e-02,2.658678507667859847e+01
7.661854952010784814e-01,8.848897809239365131e+01
1.220410513444585288e-01,1.569139600016673519e+01
7.809529988843396664e-01,3.940192000530858962e+01
5.086324309721184100e-01,8.477980167296362168e+00
5.350419317095466143e-01,9.299570825205416114e+00
3.250138151227310868e-01,3.519469629477021044e+01
8.143383825017658229e-02,9.614513182523131718e+01
6.321487578512686722e-01,1.956885354522723830e+01
7.341287946732560910e-01,3.760839307063717030e+01
9.622570792835175579e-01,4.706150665509650821e+01
5.918634397634604527e-01,6.772258806218577831e+01
7.519059306362103623e-01,5.305280556592884977e+01
9.966807229993228656e-01,1.714585526329776144e+01
3.210695082635524056e-01,9.657883578534477920e+01
7.793009893496403162e-01,4.879605027436112152e+01
7.961055591429571088e-01,5.693793494576119230e+01
1.433804851159684590e-01,7.601929079726414784e+01
4.726327416041853358e-02,8.144438639003189451e+01
1.394015683848974785e-01,7.808233590052185491e+01
6.100325437047765531e-01,3.532578994730401689e+01
1.827243345577540534e-01,7.858873710329574180e+01
2.160865213934105578e-01,9.150123140750123696e+01
1.306425488332105811e-01,3.298726880616680290e+01
3.288836701229104209e-01,5.413401034671084489e+01
1.446749946661186614e-01,9.108829617834490477e+01
1.615931059616144694e-01,6.316329753861707275e+01
9.386429355063473645e-01,6.387625577061473159e+00
4.820088614961111073e-01,5.534452812995428417e+01
8.799093592102160688e-01,2.174281477170358912e-01
2.406446155442377721e-01,4.292965084695121725e-01
9.638014139738837471e-02,7.985655842299999030e+00
9.340572132834709107e-01,4.084145912714605942e+01
9.698436307782370980e-01,4.015715255624585467e+01
2.745916131296194385e-01,8.956449023172665136e+01
1.264559460610250596e-01,4.276307309131679801e+01
3.615485134005613777e-01,5.769234975327036352e+01
5.539765096968233271e-01,6.577312057559014491e+00
2.090402851018323682e-01,1.791117229293385194e+01
9.104275256608739264e-01,9.725389585076777621e+01
7.366797342074979937e-01,5.127878256537190538e+01
9.519968147392136038e-01,5.326027639001099345e+01
8.118921769229003882e-01,4.888960417751388121e+01
7.112119869910858982e-01,8.051306278718455189e+01
6.604807617158130473e-01,3.056218817384745989e+01
9.641495518486337124e-01,8.963302315828275368e+01
9.180810734222216718e-01,5.703070886190920064e+00
4.948101603480863364e-01,4.530326545376914993e+01
2.278088063139679376e-01,3.654932576228100061e+01
6.068631211383487267e-01,1.826745987155623396e+01
4.002649730994041199e-01,9.321707980781773983e+01
1.693920549851517521e-01,2.123697433269031620e+01
1.752978617169578257e-01,7.300686716866007941e+01
3.929014785497647599e-01,1.828346906956041096e+01
6.962036961620937658e-01,5.859872204111715632e+01
3.856188776056298506e-01,3.975965375197827711e+01
3.625696958724180519e-01,6.140107274901775725e+01
9.522235689197983133e-01,6.587077712185335088e+01
2.636826100868319145e-01,5.651210370059418153e+01
2.118891149713028055e-01,1.002135319136369063e+01
8.181134287019683482e-01,5.763930769161680701e+01
7.268627805369221040e-02,9.503491500324844310e+01
6.525497488240565858e-01,3.725344159193585369e+01
5.227767350450384098e-01,6.902911502654561104e+01
5.294713948676627036e-01,9.782208338595981445e+01
8.378338537406523345e-01,5.234588901741661005e+01
1.176856973480402413e-01,1.306739203746396427e+01
9.259140562276518827e-01,1.782256539254444405e+01
6.365226799365438781e-01,5.114722653756331283e+00
1.050716078874412984e-01,8.599860143057846074e+01
7.414635589002969152e-01,1.230149111067781931e+01
7.284801254025977668e-01,3.490141905997654703e+01
3.042125448396507670e-01,9.422246869979000294e+00
7.938541718338846254e-01,7.275745621547402209e+01
1.367038770153983229e-01,9.971396525454703408e+01
3.002279247245359661e-01,7.010432995411953527e+01
4.147906182530014529e-01,1.111254516444748575e+01
3.216846775605631814e-01,3.878901184832156446e+01
