7.757232582363315032e+01
9.501752742314103273e+01
1.631518776317513186e+02
1.921920585801964876e+02
1.367039646012077014e+02
7.984174932072893682e+01
4.980841727732106961e+01
1.535154806813826553e+02
5.412042117098741301e+01
1.452572237820223577e+01
1.791481648063495982e+02
1.757052180622368951e+02
8.861197773792993360e+01
9.517976557126928583e+01
1.336020386190802256e+01
6.549311257081242843e+01
4.222559626930367216e+01
6.151020645240468099e+01
1.923654138987629096e+02
1.494862998604771747e+02
2.540088516694187248e+01
1.836021042217812465e+02
1.129538212025907029e+02
7.271875165545552022e+00
1.777498380166961454e+02
7.337785280321625692e+01
4.961063617888021327e+01
9.638229487098451287e+00
1.756198019051415145e+02
9.383012781822527870e+01
5.908833729687120062e+00
1.711322530816552216e+02
6.856400424625245194e+01
9.128282280010375871e+01
1.570123625682246313e+02
6.764208658765340942e+01
1.168976371080609056e+02
1.488496109561043284e+02
1.126936581783917575e+02
7.861484538047984927e+01
1.615554485938555729e+02
1.065614645290971296e+01
1.814314095655078063e+02
3.934496559219923029e+01
6.437985843759383897e+01
1.278162362556584952e+02
1.531527586302726434e+02
7.862434494441153277e+01
4.060836070956109722e+01
1.993798946180504856e+02
1.366291523254402662e+01
1.587151635389168973e+02
1.746561026879542169e+02
1.676086117562724951e+02
1.517243733419516047e+02
1.687993076603769893e+01
1.053969601229123469e+02
1.856089526286172031e+02
1.208303178251711643e+02
1.182926301862290330e+02
7.565691843044194798e+01
3.663263047919639348e+01
1.910626596296314119e+02
6.688314557429120555e+01
8.262088503859196464e+01
1.994354554662074008e+02
2.689281646401711967e+01
1.820648906993528726e+02
8.760337803063102058e+01
1.275609115950997392e+02
8.815350416994785121e+01
8.951973849712560138e+01
1.498325171387428156e+02
8.671131185546002484e+01
1.020770428919943953e+02
1.444365080320968104e+02
1.711233799912970355e+01
8.649548162707412757e+01
1.248338214981805976e+02
1.229379090884274888e+02
7.821233345295507888e+01
1.943757848494068696e+02
1.088103867584080575e+02
1.008523318464881271e+02
8.195290854681769588e+01
1.555275450932970216e+02
1.615066469473055122e+02
5.258516823850386857e+01
8.110071907325398399e+01
1.993004183076417348e+02
1.948506475751298694e+02
1.707753982394878278e+02
5.719764459519962685e+01
7.722294482533584414e+01
8.955471017278178181e+01
3.832337865830935897e+01
1.642964711871958627e+02
1.562354128096963564e+02
1.320583244490986772e+02
1.481395722189775768e+02
2.013827400082315933e+02
1.699321301548837582e+01
2.997323852717205028e+01
1.181669751186646806e+02
3.913304643954080841e+00
2.726388809015132253e+01
2.691571375291136903e+01
1.240326345772887180e+02
1.252454744832784570e+02
1.181427125759093144e+02
1.707724334122692369e+02
3.337064121112027237e+01
1.435466625130251543e+02
1.302572248272270770e+02
1.895249670833283062e+02
1.996201550046416529e+01
1.425177001560646772e+02
1.758278163799044194e+02
1.428428812264172336e+02
1.473975858494330637e+01
1.270761606449503489e+02
8.588284845814401081e+01
1.355584806169395335e+02
1.731940221779387059e+02
9.512677672875062740e+01
1.431911016090502073e+02
5.802740105205653975e+01
1.625525439120669660e+02
1.644997834858482690e+02
2.561982022338682441e+01
5.856142081137726052e+01
1.962019508809005970e+02
9.592635970132641887e+01
1.311264044553874157e+02
1.238682992981024000e+02
1.113894797230824594e+02
1.950815701206924473e+02
1.688937572351500762e+02
1.400667674307234449e+02
1.016225515338383332e+02
1.923673304038428000e+02
1.943259160955229845e+02
1.237476374361948928e+02
1.137161687017424754e+02
6.667442999914658230e+01
1.732860014601245098e+02
1.441537324942864871e+02
6.743640187739988789e+01
3.000285934414279865e+01
1.228215401966625961e+02
6.946960837210855289e+01
1.187462116789545803e+02
2.735546622168734032e+01
1.425581863210613562e+02
1.856977297669143354e+02
1.588317522105525939e+02
1.501722198971930311e+02
1.832753845267101269e+02
1.526555952905022480e+02
1.281157237055942346e+02
1.373444577206151429e+01
3.981722639212273407e+01
4.688918042686558607e+01
1.658040651318740402e+02
1.211820141301869036e+01
1.344217676468842626e+02
5.547422694440641777e+01
6.707849578602647966e+01
5.835323683200678602e+01
2.536950755139841363e+01
4.862741300232866593e+01
1.640437533967668173e+02
5.484614787763462829e+01
1.229051664768860519e+02
1.664413876704888651e+02
1.653658419813505276e+01
1.226637757006855622e+02
1.404632361571520391e+02
1.575089523570303527e+02
8.381773935392298824e+01
1.834098397080986729e+02
4.775346026917343067e+01
7.194988431719292521e+01
1.108067836840215676e+02
5.495755523262948827e+01
1.327547537054403222e+02
1.967285531107520455e+02
6.203638729889723891e+01
8.098002618496043681e+01
2.722526692981790575e+01
1.993890033338686294e+02
1.608681787535193166e+02
7.559423614044463591e+01
4.659851205654353379e+01
7.994824493512270180e+01
6.854244926338290611e+01
1.980119119864288280e+02
1.151748384897899200e+02
9.634826253492251169e+01
1.293041872397880070e+02
1.465308834987129956e+02
5.417193612273376147e+01
3.972494688568763621e+01
3.226585111301646691e+01
2.781481178985755776e+01
1.848433591307755819e+02
2.895702452795560333e+01
1.354635809474386576e+02
6.213803730800305658e+01
1.082396891166248309e+02
1.003375869307708435e+01
6.892732912202080797e+01
1.164071971061985806e+02
3.071609652084746500e+01
2.251204457620933042e+01
1.028957858744513487e+02
1.067016044607912590e+02
8.639706557979840440e+00
1.560911633806398697e+02
1.582466946912939818e+02
1.862797494237410092e+02
1.052942609515552306e+02
6.923408799536628067e+01
9.571896892057533535e+01
4.868623518136718076e+01
1.093145328300793864e+02
1.779426627729689869e+02
1.598871876691011096e+01
1.756454041439891967e+02
1.009247601528930289e+02
1.021616874566117161e+02
1.710172202671207629e+02
7.948673065256981829e+01
4.600736344250849896e+01
1.101380763686523920e+02
1.360695176877330539e+02
1.938288477340395275e+02
5.618985474522904155e+01
1.237931601249786837e+02
9.347116277056169054e+01
1.952243189886009986e+02
9.807876950433875152e+01
1.725979679201621195e+02
8.163164298407281194e+01
7.080777325860006499e+01
1.539765243377613615e+02
1.529418685481115574e+02
9.576369780760347794e+01
9.855208404226213759e+01
1.665285486322744646e+02
5.616932239427224260e+01
1.027205561144062500e+02
1.162759254139149618e+02
1.571747280237241284e+02
1.657961164996556249e+02
1.318126839409604258e+02
1.124768696972100201e+01
1.451842746636638992e+02
8.185226292462601805e+01
1.975912996867659217e+02
1.124862817151874737e+02
6.547361064363352057e+01
1.149323305685012002e+02
1.198629884718926348e+02
4.943961762311431585e+01
4.903295838313150767e+01
3.345572642520193796e+01
1.830050021068427384e+02
1.037783636593928520e+02
8.955822213833170053e+01
6.467845402870682392e+01
1.598946990016971483e+02
1.912335979465232754e+02
6.070635075556942262e+00
7.735973354554140258e+01
7.361543922035187393e+01
1.087289500054893523e+02
1.869036885168540323e+02
1.395599980870879335e+02
1.498069954393911019e+02
6.391941712188801006e+01
1.439208887316315213e+02
4.650751911947353534e+01
1.490851065059603968e+02
7.682294885300247245e+01
1.586193598874108375e+02
1.251929879300718795e+01
1.064260952865407717e+01
2.840271338401511869e+01
4.455257078140807891e+01
1.157900644443000289e+02
2.200713400124796593e+01
2.561578887577266883e+01
1.683120508428420692e+02
4.529490377054178651e+01
1.520500237491405358e+02
1.634070103563484508e+02
1.427700867650881662e+02
6.512050720939210180e+01
9.298072209843670066e+01
1.458617647998839004e+02
6.627823533672557232e+01
9.719341040242098018e+01
1.929095190704387051e+02
7.433277516128660523e+01
1.702301078688603013e+02
3.044334261423561827e+01
1.304152886265397626e+02
9.541867469125361367e+01
1.533355245834457321e+02
1.409894241160438924e+02
1.209192586282946422e+02
1.180081286273255756e+02
4.673360548474119724e+01
6.355935602367542003e+01
6.722291039606594154e+01
1.088481555186154637e+01
3.158292361734546461e+01
1.555514362169965636e+02
8.409120807872774606e+00
8.470858704523342553e+00
1.822629044148561945e+02
1.316071610903105409e+02
1.733532090530280527e+02
1.906146241352851405e+02
1.769166978003938766e+02
1.678774475538237709e+02
7.302998129953397211e+01
1.758411938675573367e+02
1.878976917750295428e+01
9.859112757691730167e+01
1.935771154278319273e+02
7.263343490475858744e+01
1.426236699997283210e+02
8.708168071779927288e+01
2.110026098067871914e+01
2.220516683883883147e+01
5.190959534067323489e+01
4.332056215228396923e+01
1.984316075722886978e+02
1.970713120416582740e+02
1.448009257838978101e+02
2.160389650853795729e+01
6.809202833239638153e+01
1.465700745851007980e+02
1.190069591915751204e+02
1.400970246966733441e+02
9.651443155158922593e+01
1.687382178764141827e+02
1.542595313242707107e+02
2.203474816916619261e+01
1.320585138423268177e+02
1.820738489728462355e+02
1.651157587237538564e+02
1.238237792506776174e+02
1.653777854947167611e+02
7.641500307123816071e+01
4.708508883553424340e+01
1.842879831171990759e+02
3.644202399611746301e+01
1.687089832138476311e+02
8.377552352564624982e+01
2.693492848349468893e+00
6.018230058553435669e+01
8.533262149141847885e+00
1.873755177416282436e+02
9.805121199304645074e+01
1.505126754299467677e+02
3.648489437118325185e+01
1.207710506998774349e+02
9.967627599847058661e+01
5.005196674011738622e+01
1.189776799104031255e+02
1.212879718064331342e+02
9.189835452183959319e+01
1.939687721440123482e+02
3.335449180623357535e+01
1.902216641258712002e+02
1.034091121755423330e+02
1.751708549728371054e+02
3.096682527623363157e+01
1.057966902805910081e+02
1.610891979911795246e+01
4.419840917041971018e+00
1.231410966770389024e+02
8.137053713916559161e+01
1.180408165003896954e+02
2.489556244864811418e+01
5.791790238529167567e+01
1.897321473584767659e+02
8.256681915698695207e+01
1.212629071204613496e+02
5.456305637666434194e+01
4.017870924587921166e+01
1.659344233870149878e+02
3.246259825916066433e+01
1.993315787596574467e+02
1.802715599906037767e+02
1.982137890939759473e+02
1.116046681325973395e+02
1.438965500373320765e+02
1.989774238559209607e+02
5.154233902320472538e+01
3.101037916515898729e+01
7.544451643572148214e+01
1.269596718572878729e+02
9.995405181870899014e+01
2.928558566264545249e+01
2.417825150345380258e+00
3.533127597956526245e+01
1.541554700516797425e+02
1.127660216273580431e+02
1.199425195493007976e+02
1.473918938741588036e+01
1.167913769527881698e+02
1.641814831422125565e+02
1.794414521786557515e+01
1.757664384629600285e+00
1.929948771168177757e+02
8.716770956502126921e+01
1.828240824247760372e+02
1.872926762087976726e+02
5.673139057079095693e+01
1.448691779533874922e+02
4.314584703323086501e+01
1.439329733751214064e+02
3.756526495018523804e+01
7.446591966127138562e+01
2.797977890711180393e+01
1.181299502581191518e+02
1.565008837833269411e+02
6.627664567218528191e+01
1.255079263801763858e+02
1.838960465633109038e+02
1.863111925803669351e+02
1.719598371525048890e+02
3.640722076705319665e+01
3.335972171220288374e+01
1.507274052698440414e+02
8.875177038864150347e+01
2.436021132808127021e+01
2.078152166397631007e+01
8.127999156034307759e+01
1.674098020773005846e+00
1.654666948685409409e+02
1.792638608763029708e+02
1.536067542418719256e+02
1.501144067842918162e+02
1.277447029844929460e+02
1.397928980787117155e+02
7.278678846884307774e+00
9.447042364883209586e+01
1.739247249488174702e+02
5.139413404102089089e+01
1.170820696088285615e+02
4.729972190338411053e+01
9.035138202551921438e+01
3.822069249354563425e+01
1.515266567668715538e+02
1.685495277815624888e+02
9.686458624573680254e+01
1.330174036615724731e+02
1.995349134700329330e+01
1.036315974968513132e+02
3.514901637430683934e+01
1.008372537499719499e+02
1.035326065916574549e+02
1.272692989505059700e+02
7.140425958587317723e+01
1.090261817264213278e+02
1.238228412782289922e+02
1.328890227516413347e+02
4.292104125515361801e+01
8.556498777491189145e+00
6.988555251930173995e+01
1.650873835237186142e+02
5.320001303866524722e+01
1.636398155269764061e+02
1.116140345103133740e+02
3.361460049916705373e+01
4.287662793190813204e+01
1.783107507033666081e+02
1.839991910860796409e+01
5.462897819983663084e+01
1.470334798450944902e+02
1.643793318069920417e+02
1.442496577470661236e+02
6.782867652788317514e+01
1.202539284065353797e+02
1.495533230742617192e+01
1.945081109302292361e+02
7.815468771993565156e+01
3.607505872422471782e+01
1.479476130473676392e+02
1.168591636264735598e+02
2.564730657076592024e+01
1.822085756577751567e+02
1.579613698508273387e+02
9.549053776790245252e+01
8.420145054189551104e+01
6.310263403299480700e+01
1.209136255793271033e+02
5.898273295528444038e+01
7.093263305634161497e+01
1.252339015754168088e+02
4.353147811567620096e+00
1.540401093123922465e+02
1.133931881481872921e+02
1.509024773155459229e+02
3.673853994229132525e+01
1.021485716608873702e+02
1.345966267403598238e+02
2.876099676911383085e+01
7.960452078236839668e+01
3.624008904693648958e+01
1.454791913465750319e+01
3.561429325372477450e+01
1.411845824097833599e+02
1.871429365066362891e+02
1.319911633909729289e+02
1.566203574869134059e+02
1.841108453279222772e+02
2.497394907255466379e+01
6.270582001851137477e+01
1.635570055532574543e+02
1.886276330831918813e+02
4.522512624460061659e+01
6.138918146105334017e+01
7.301873114438011214e+01
5.469884402105302001e+01
4.169802970652732199e+01
4.085058730502927915e+01
7.727773428050618065e+01
1.599127712557587131e+02
1.130502314057118411e+02
1.809741469137953800e+02
6.727957764475220870e+01
6.476133367503609861e+01
6.801410770396051930e+01
1.609272393306505080e+02
4.978717975296738985e+01
1.184791034664259257e+02
4.057034035307457742e+01
4.054991964791042136e+01
5.063605262644385618e+01
1.906727357060021291e+02
7.965684808697922392e+00
2.701843208316355316e+01
6.639782123115735146e+01
1.858686801170647129e+02
1.616854947388104335e+02
1.551200411206872900e+02
6.109386434927201748e+01
4.313394685235852677e+01
1.987914169604998733e+02
1.372645551857494013e+02
4.718267188128941569e+01
2.020803907217868911e+01
1.276184927922717804e+02
1.605691525402375532e+02
9.663315739424699302e+01
9.800805438524610835e+00
1.669451115777537353e+00
2.172717565732339207e+00
1.496036413087327901e+02
1.146848414477624658e+02
1.100690293625124951e+02
1.646826432114271768e+02
9.199662223738175726e+01
3.265800197681480999e+00
7.555057276088325224e+00
6.150041694150372606e+00
8.822723488563980254e+00
6.743835257725389454e+01
2.006643596973540014e+02
2.144851645779465343e+01
1.524236634865251006e+01
7.771046929517106605e+01
1.073736169299205727e+02
1.661576928714372627e+02
1.073652003296674451e+01
1.646052093273517301e+02
1.935367539515571309e+02
1.583700515007481044e+02
1.133295290274830762e+02
4.958007129303437210e+01
1.474632725261242570e+02
2.010378091771404456e+02
1.882843874568584397e+02
3.942080095860451650e+01
4.801976069683574622e+01
1.841255001964996438e+02
9.316090797197065854e+01
4.822731145853840928e+01
1.263307752467180478e+02
6.011303898859944894e+01
1.853396491933886523e+02
1.344407388565984718e+02
1.822545853892592618e+02
1.447668914069998323e+02
4.649990091158807104e+01
8.185785940631623703e+01
2.642613153486433220e+00
1.638229471990946138e+02
8.037997692963859464e+00
6.090353188063814116e+01
3.865960368034244965e+01
7.635070703881251752e+00
1.185972773275413061e+02
1.768224783099181536e+02
1.476759438011658290e+02
1.033606245331095010e+02
9.789255512184574570e+00
5.717169241586355355e+01
2.257911618370836138e+01
4.774243914987452797e+01
5.256734359379395727e+01
1.246828177570368013e+02
1.827381476671014866e+02
1.499610097385963456e+02
3.991128631317685915e+01
1.672314140916097003e+01
1.874166643487106967e+02
9.317268459819547388e+01
2.436497808607326832e+01
6.369982044566576462e+01
9.114519667582190721e+01
1.656776558886432440e+02
7.052709145051900919e+01
1.044292587505240277e+01
1.846141615924772168e+02
3.366707778036584386e+01
1.150680076398122083e+02
1.204747816177950170e+02
1.177392803497589426e+02
1.443627618979001959e+01
7.062790478099365998e+01
1.724643228749305877e+02
7.504578975422988663e+01
3.638683824424764168e+01
1.639841942243945141e+02
1.876564819673662612e+02
1.277290987185055116e+02
9.401647551382920653e+01
2.155346986549067978e+01
1.105028320760264080e+02
1.634117413079119103e+02
1.059162502705890745e+02
7.054089332234859455e+01
1.966671300002539908e+02
1.539733490594278749e+02
1.308219790794512107e+02
1.782671718451405809e+02
2.799071709549941289e+01
1.218066129950530438e+02
3.037901427493038042e+01
1.930736040710269492e+02
1.701825592457427661e+02
1.458275708048858235e+02
3.183145537854536045e+01
1.432972276125736926e+02
1.628905734442863604e+02
1.627347329366931206e+02
1.774330629154665644e+02
1.214572582062049406e+02
1.236880791212996087e+02
2.001448281423134006e+02
1.677716676676390080e+02
2.014837123543672419e+02
1.272159907756968522e+02
1.886665646678249288e+02
1.196448424026062440e+02
1.108763678772156283e+02
2.894965323108196387e+01
1.750962152773214768e+02
1.115900243830685525e+02
1.566791795661134188e+02
2.375489716651351912e+01
1.478969146040436158e+02
1.022123395961555445e+02
2.643213587528309461e+01
6.308371509213053230e+00
4.132791441420637568e+01
1.976718326349966901e+02
2.005568115474812885e+02
1.594400765508264897e+02
1.085541373101940508e+02
1.224963866542226896e+02
2.872304568179712803e+01
1.194110714450046800e+02
3.726390527383099993e+01
1.020068995830778675e+02
3.317181365552340822e+01
4.650367432192987138e+01
4.203102562651015717e+01
1.561311822652741910e+02
1.431611133387064854e+02
6.829928905709465425e+01
1.978304899943747159e+02
1.517442285517265930e+02
1.695249645947464785e+02
9.722681670216736904e+01
1.353120541107200552e+02
1.477276883844178030e+02
1.864025158440429664e+02
1.658764968691167780e+02
1.439137353680724232e+02
7.375968340790898026e+01
3.246351969976948482e+01
7.018770382459541679e+01
1.845715225415073348e+02
1.784519789369509724e+01
1.587952839177987130e+02
1.975677062838276470e+02
1.878557319473027292e+02
7.431284740556336033e+01
1.553292766704682322e+02
1.167102720045459989e+02
1.391169403271293845e+02
1.900774651586791606e+02
1.171746753708908102e+02
2.010057283599068398e+02
1.022430459215329961e+02
1.790616378740780306e+02
1.282827801298693089e+02
2.517157335231064152e+01
1.862733057927350728e+02
3.114499514435188576e+00
1.773827318118850656e+02
1.790067572749390479e+02
1.310455907017524169e+02
1.156364121432424810e+02
7.481308364042081394e+01
1.723581462607653236e+01
1.776418494756968300e+02
1.974778257225444378e+01
2.003263338357658938e+02
1.958900524844239328e+02
3.411361803432215822e+01
6.807868562035324089e+01
1.964349233941123316e+02
1.971041468708859270e+02
1.414772706316869630e+02
1.541047660445799465e+02
5.859436707477724582e+01
3.496181311710062545e+01
1.555599254198746166e+02
1.119744645758910195e+02
1.855448890394499415e+02
9.099992339681242015e+01
1.339662685061639422e+02
1.014140730970002835e+01
1.950178030082659006e+02
2.379600167727678439e+01
6.385350079770456944e+01
3.751131427544108021e+01
1.446944542850345954e+02
1.658052302674852569e+02
1.534767042172043716e+02
1.194172381466303534e+02
8.570210490707162876e+01
1.934110618335643039e+02
1.265164618528637845e+02
2.304882592829319776e+01
1.175913353268248329e+01
7.406876032893596751e+00
1.235616233519020568e+01
6.678878021086636352e+01
1.457422795762564647e+02
1.663060216376216260e+02
1.453917469389131725e+02
1.449710848534744514e+02
3.595989224950425722e+01
2.026174094496444411e+02
2.737007729672601997e+01
2.886986899265639650e+01
1.099139354986091064e+02
1.416063112413476688e+02
4.212856338890082242e+01
1.228686989279549095e+02
2.023543245226261718e+02
1.565811150074734428e+02
4.772559231927020562e+01
3.834026156330687485e+01
8.785902762084160145e+01
1.854764272958046263e+02
1.741347169984493064e+02
1.239211686923226239e+02
6.012272705751287560e+01
1.716648741168999948e+02
6.917424112045985396e+01
1.936560770489904542e+02
1.167086420902630408e+02
1.898303380381812531e+02
3.456416570031026936e+01
4.074250810994636396e+01
1.690068174095284803e+01
1.532226616310040015e+02
1.383804718113833054e+01
4.783309570771351105e+01
9.527595542094596226e+01
1.679242620448443191e+01
1.566991174923770131e+02
1.137355518555987430e+02
4.407219231170560647e+01
5.299258444864351958e+01
3.320655915253839652e+01
9.885542476328939188e+01
1.284989548697610644e+02
8.292715653316811597e+00
6.506541721197659456e+01
1.149797705398676442e+02
1.302891015208327872e+02
1.901391148218833962e+02
1.695522680531541937e+01
5.704944269346744079e+01
5.210476765999025872e+01
1.357491323585153964e+02
1.995227164955698242e+02
5.250500067145383554e+01
6.713567570827048314e+01
1.942116428947569489e+02
2.913604282244005717e+01
1.003835421078955790e+02
5.078227333145937195e+01
1.279975276728263225e+02
1.605535728157521476e+02
1.258474879287546884e+02
7.072254065947126911e+00
2.512321830133114986e+01
1.364270528196253736e+02
1.746518568483130878e+02
7.213515128931480547e+01
7.586052288556733636e+00
2.922978589493342128e+01
1.140079136054911970e+02
1.552287628788528764e+02
7.795489096195110790e+01
3.139701714378497144e+01
6.764418287005975117e+01
1.715442886856994420e+01
3.978047018653075639e+01
1.415332231587898661e+02
5.352421292629858129e+01
1.567917156208378415e+01
1.292733942687442834e+02
8.661124600698502718e+01
1.287759956118337357e+02
1.925275418452341114e+02
1.918957056119040772e+02
5.466847398332983232e+01
1.351979798993491499e+02
1.529989452848122866e+01
1.637938208558854285e+02
1.539604492282847161e+02
1.656747865971913427e+02
1.250321626233775696e+01
1.350340710707149867e+02
1.203977805548318969e+02
1.146835364703953957e+02
1.206654768493699663e+02
1.379429970903258607e+01
3.760214020403645208e+01
2.741119914025291848e+01
8.496524167190200671e+01
8.625395450805676489e+01
1.569315416147197340e+01
5.628292602363740293e+00
6.225788891305587924e+01
1.848457430031744408e+01
1.783018375844886805e+02
4.065251529319620971e+01
5.555089239555652370e+01
1.027667841112686489e+02
9.596986746276439106e+00
1.985659209027752468e+02
3.040020717248832227e+01
2.409991716188402933e+01
1.101514365429769953e+02
6.111941426498246699e+01
1.262212503496880629e+02
1.407121837897587682e+02
4.834100429995474002e+01
2.914862111452536553e+01
1.920135589170515402e+02
6.644027656071619958e+01
1.590550389654355854e+02
4.295022604164788760e+01
1.156921909766758461e+02
1.132131566095293351e+02
1.000407157216427692e+02
1.382230474947956225e+02
8.973866345319061111e+01
9.779828978790867211e+01
9.963751400214138698e+01
2.115181818089669363e+01
1.795877758584880155e+02
1.626739868815782586e+02
6.518718960316361688e+01
5.451261515236497956e+01
1.798221382400168693e+02
1.049066784961794241e+02
9.408179378220275169e+00
9.031884160753642732e+01
1.146001942264067139e+02
1.748366170008894755e+02
1.005032907219912630e+02
2.006293035556014104e+02
8.763141411760871335e+01
1.955128613653046443e+02
1.271829319643191809e+02
4.856268087375847387e+01
6.031340972437282844e+00
1.093978579836380192e+02
1.017447289983210652e+02
1.408070094556155709e+02
1.512561183751981844e+02
6.230697168463190394e+01
1.780446382879908640e+02
1.534236691629302811e+02
8.119347166799676074e+01
5.391210548030987582e+01
1.066489451931412873e+02
1.011591264106182280e+02
1.702542275965956264e+02
1.946951951285986411e+02
1.523276181758707821e+02
2.890466758146456883e+01
5.070139870197053966e+01
1.370570726206141785e+02
9.054153687741379031e+01
8.123435631984466454e+01
3.222114617501603107e+01
6.627965893318344293e+00
1.890032742293201409e+02
8.456938767364452758e+01
7.293921232611577921e+01
1.505766739047437568e+02
1.674234549440003050e+01
4.003820398138340408e+01
1.251869347265799632e+02
1.301448621848259677e+02
1.576462382719842594e+02
8.113722004805980248e+01
1.934014727651695580e+02
1.543283806086269010e+02
1.197551387202276771e+02
5.131042629564846891e+01
2.157415971708075375e+01
1.861754836993282822e+02
8.135585027909922928e+01
8.301150929697553238e+01
1.257025380210504579e+02
1.470980653210216644e+02
1.546017852620209254e+01
1.473610793506717584e+02
6.470913248979532284e+01
6.464141687850677442e+01
2.287042201259066587e+01
7.522611892459458716e+00
7.013067658647564429e+01
9.479867293573812503e+01
1.152722108171560365e+02
1.448295280614507021e+02
5.390680081203046115e+01
1.467216866109059765e+02
9.345981171635040141e+01
1.350158989790233655e+01
1.632025943380519948e+02
1.891379146511383169e+02
1.280347031031022809e+01
1.367981462417015450e+02
7.755726392420443460e+01
1.542806543798674568e+02
8.182732877637607771e+01
1.614159697609157718e+02
1.061078413383612258e+02
3.331760843660473626e+01
9.959190768330064714e+01
8.756377510113158280e+01
1.841502155278330122e+02
7.368420215103324011e+00
5.855469460089945954e+00
6.402065156252758982e+01
2.000021930511413757e+02
1.999729974489776225e+02
5.695578934763716461e+01
1.746572382589041581e+02
3.692906960076474832e+01
9.148169506743361978e+01
1.018664385566844288e+02
1.185935151912316741e+02
5.744631924950938640e+01
1.100602409651195188e+02
1.005412146778154607e+02
1.010765432167368800e+02
1.321953642148314145e+02
1.400035919791288848e+02
1.912996442841047156e+02
4.586694142254011730e+00
